t;x;vx
0.000000E0;3.600962E-3;
3.332222E-2;6.833464E-3;1.032838E-1
6.664444E-2;1.048425E-2;1.230068E-1
9.996667E-2;1.503118E-2;1.480595E-1
1.332889E-1;2.035160E-2;1.680476E-1
1.666111E-1;2.623062E-2;3.492173E-1
1.999333E-1;4.362499E-2;3.747717E-1
2.332556E-1;5.120707E-2;1.958237E-1
2.665778E-1;5.667555E-2;1.323641E-1
2.999000E-1;6.002840E-2;1.295976E-1
3.332222E-1;6.531250E-2;1.405409E-1
3.666556E-1;6.941029E-2;1.340845E-1
3.999778E-1;7.426339E-2;1.260946E-1
4.333000E-1;7.781379E-2;1.210338E-1
4.666222E-1;8.232962E-2;1.215592E-1
4.999444E-1;8.591504E-2;1.209854E-1
5.332667E-1;9.039263E-2;1.373309E-1
5.665889E-1;9.506738E-2;1.346835E-1
5.999111E-1;9.936854E-2;1.360813E-1
6.332333E-1;1.041364E-1;1.410640E-1
6.665556E-1;1.087697E-1;1.426562E-1
6.998778E-1;1.136437E-1;1.510049E-1
7.332000E-1;1.188333E-1;1.587317E-1
7.665222E-1;1.242223E-1;1.598882E-1
7.998444E-1;1.294890E-1;1.551374E-1
8.331667E-1;1.345613E-1;1.615449E-1
8.664889E-1;1.402550E-1;1.703626E-1
8.998111E-1;1.459150E-1;1.630898E-1
9.331333E-1;1.511241E-1;1.632686E-1
9.664556E-1;1.567960E-1;1.623029E-1
9.997778E-1;1.619407E-1;1.629357E-1
1.033100E0;1.676547E-1;1.593502E-1
1.066533E0;1.725782E-1;1.564414E-1
1.099856E0;1.780981E-1;1.547950E-1
1.133178E0;1.828944E-1;1.283056E-1
1.166500E0;1.866489E-1;1.141334E-1
1.199822E0;1.905008E-1;1.082120E-1
1.233144E0;1.938607E-1;9.424307E-2
1.266467E0;1.967815E-1;8.079533E-2
1.299789E0;1.992452E-1;7.909009E-2
1.333111E0;2.020525E-1;7.603643E-2
1.366433E0;2.043126E-1;6.211412E-2
1.399756E0;2.061920E-1;6.109443E-2
1.433078E0;2.083842E-1;5.851038E-2
1.466400E0;2.100914E-1;5.507182E-2
1.499722E0;2.120545E-1;5.166503E-2
1.533044E0;2.135346E-1;4.580406E-2
1.566367E0;2.151070E-1;4.626550E-2
1.599800E0;2.166231E-1;3.813844E-2
1.633122E0;2.176530E-1;3.804370E-2
1.666444E0;2.191585E-1;3.500060E-2
1.699767E0;2.199856E-1;3.268549E-2
1.733089E0;2.213368E-1;3.964377E-2
1.766411E0;2.226276E-1;3.894841E-2
1.799733E0;2.239325E-1;3.339308E-2
1.833056E0;2.248531E-1;3.378253E-2
1.866378E0;2.261839E-1;3.925679E-2
1.899700E0;2.274693E-1;3.957644E-2
1.933022E0;2.288214E-1;3.592154E-2
1.966344E0;2.298633E-1;3.751393E-2
1.999667E0;2.313215E-1;4.275493E-2
2.032989E0;2.327127E-1;4.265662E-2
2.066311E0;2.341644E-1;4.701101E-2
2.099633E0;2.358457E-1;4.367024E-2
2.132956E0;2.370747E-1;3.985738E-2
2.166389E0;2.385064E-1;4.190671E-2
2.199711E0;2.398722E-1;4.792470E-2
2.233033E0;2.417003E-1;4.586538E-2
2.266356E0;2.429289E-1;3.229503E-2
2.299678E0;2.438526E-1;3.219752E-2
2.333000E0;2.450747E-1;3.297887E-2
2.366322E0;2.460505E-1;2.617769E-2
2.399644E0;2.468193E-1;2.203409E-2
2.432967E0;2.475189E-1;2.140413E-2
2.466289E0;2.482458E-1;2.474352E-2
2.499611E0;2.491679E-1;2.769633E-2
2.532933E0;2.500916E-1;2.622311E-2
2.566256E0;2.509156E-1;2.515146E-2
2.599578E0;2.517678E-1;2.382599E-2
2.632900E0;2.525034E-1;2.192564E-2
2.666222E0;2.532290E-1;2.163603E-2
2.699656E0;2.539478E-1;2.282480E-2
2.732978E0;2.547527E-1;2.346492E-2
2.766300E0;2.555116E-1;2.450894E-2
2.799622E0;2.563861E-1;1.681098E-2
2.832944E0;2.566319E-1;1.558272E-2
2.866267E0;2.574246E-1;2.415676E-2
2.899589E0;2.582418E-1;2.839664E-2
2.932911E0;2.593170E-1;2.951316E-2
2.966233E0;2.602087E-1;1.960631E-2
2.999556E0;2.606237E-1;1.957956E-2
3.032878E0;2.615136E-1;2.544693E-2
3.066200E0;2.623196E-1;1.513394E-2
3.099522E0;2.625222E-1;1.438954E-2
3.132844E0;2.632786E-1;1.956621E-2
3.166167E0;2.638262E-1;1.834857E-2
3.199489E0;2.645014E-1;1.725777E-2
3.232811E0;2.649763E-1;8.810609E-3
3.266133E0;2.650886E-1;1.036238E-2
3.299456E0;2.656669E-1;1.510504E-2
3.332889E0;2.660969E-1;1.132294E-2
3.366211E0;2.664228E-1;1.206908E-2
3.399533E0;2.669013E-1;1.049490E-2
3.432856E0;2.671222E-1;1.057338E-2
3.466178E0;2.676059E-1;1.274171E-2
3.499500E0;2.679714E-1;1.123889E-2
3.532822E0;2.683549E-1;3.340843E-3
3.566144E0;2.681940E-1;2.699269E-3
3.599467E0;2.685348E-1;1.184149E-2
3.632789E0;2.689832E-1;1.076523E-2
3.666111E0;2.692523E-1;8.468555E-3
3.699433E0;2.695476E-1;7.976029E-3
3.732756E0;2.697838E-1;1.080487E-2
3.766078E0;2.702676E-1;1.265639E-2
3.799400E0;2.706273E-1;9.676739E-3
3.832722E0;2.709125E-1;9.493995E-3
3.866044E0;2.712600E-1;1.042027E-2
3.899367E0;2.716070E-1;1.066878E-2
3.932800E0;2.719722E-1;8.458373E-3
3.966122E0;2.721716E-1;4.949189E-3
3.999444E0;2.723021E-1;7.063293E-3
4.032767E0;2.726424E-1;8.543469E-4
4.066089E0;2.723590E-1;-1.019209E-3
4.099411E0;2.725744E-1;8.866923E-3
4.132733E0;2.729499E-1;8.670694E-3
4.166056E0;2.731523E-1;9.784082E-3
4.199378E0;2.736020E-1;8.822763E-3
4.232700E0;2.737403E-1;6.887414E-3
4.266022E0;2.740610E-1;6.572408E-3
4.299344E0;2.741783E-1;6.911738E-3
4.332667E0;2.745216E-1;7.005754E-3
4.365989E0;2.746452E-1;4.997590E-3
4.399311E0;2.748547E-1;6.586111E-3
4.432633E0;2.750841E-1;6.705822E-3
4.466067E0;2.753023E-1;8.275526E-3
4.499389E0;2.756366E-1;8.953683E-3
4.532711E0;2.758991E-1;5.267763E-3
4.566033E0;2.759876E-1;2.345738E-3
4.599356E0;2.760554E-1;4.299502E-3
4.632678E0;2.762742E-1;5.524814E-3
4.666000E0;2.764236E-1;6.169653E-3
4.699322E0;2.766853E-1;5.819314E-3
4.732644E0;2.768114E-1;3.207705E-3
4.765967E0;2.768991E-1;4.458231E-3
4.799289E0;2.771085E-1;5.054062E-3
4.832611E0;2.772359E-1;
