;masa A;;
t;x;vx;
0.000;3.500E-3;
0.033;3.944E-3;1.991E-2
0.067;4.827E-3;3.757E-2
0.100;6.452E-3;5.382E-2
0.133;8.420E-3;7.381E-2
0.167;1.137E-2;7.381E-2
0.200;1.334E-2;5.905E-2
0.233;1.531E-2;2.952E-2
0.267;1.531E-2;7.381E-2
0.300;2.023E-2;0.118
0.333;2.318E-2;8.857E-2
0.367;2.613E-2;8.857E-2
0.400;2.909E-2;0.103
0.433;3.302E-2;0.107
0.467;3.623E-2;9.257E-2
0.500;3.919E-2;8.921E-2
0.533;4.217E-2;8.217E-2
0.567;4.467E-2;7.637E-2
0.600;4.727E-2;7.387E-2
0.633;4.960E-2;6.922E-2
0.667;5.188E-2;6.843E-2
0.700;5.416E-2;6.305E-2
0.733;5.608E-2;5.659E-2
0.767;5.793E-2;5.576E-2
0.800;5.980E-2;5.636E-2
0.833;6.169E-2;5.671E-2
0.867;6.358E-2;5.560E-2
0.900;6.538E-2;5.420E-2
0.933;6.719E-2;5.437E-2
0.967;6.901E-2;5.455E-2
1.000;7.082E-2;5.350E-2
1.033;7.258E-2;5.046E-2
1.067;7.419E-2;4.867E-2
1.100;7.582E-2;4.831E-2
1.133;7.741E-2;4.877E-2
1.167;7.907E-2;5.172E-2
1.200;8.085E-2;4.990E-2
1.233;8.240E-2;4.954E-2
1.266;8.416E-2;5.369E-2
1.300;8.598E-2;4.989E-2
1.333;8.748E-2;4.867E-2
1.366;8.922E-2;4.813E-2
1.400;9.069E-2;4.809E-2
1.433;9.243E-2;4.731E-2
1.466;9.384E-2;4.227E-2
1.500;9.524E-2;4.223E-2
1.533;9.666E-2;4.174E-2
1.566;9.803E-2;4.109E-2
1.600;9.940E-2;4.107E-2
1.633;0.101;4.088E-2
1.666;0.102;4.056E-2
1.700;0.103;4.119E-2
1.733;0.105;4.231E-2
1.766;0.106;4.230E-2
1.800;0.108;4.315E-2
1.833;0.109;4.357E-2
1.866;0.111;4.254E-2
1.900;0.112;4.618E-2
1.933;0.114;4.385E-2
1.966;0.115;3.672E-2
2.000;0.116;3.558E-2
2.033;0.117;3.800E-2
2.066;0.119;3.577E-2
2.100;0.120;3.532E-2
2.133;0.121;3.461E-2
2.166;0.122;3.431E-2
2.200;0.123;3.511E-2
2.233;0.124;3.513E-2
2.266;0.126;3.542E-2
2.300;0.127;3.415E-2
2.333;0.128;3.895E-2
2.366;0.129;3.489E-2
2.400;0.130;3.484E-2
2.433;0.132;3.514E-2
2.466;0.133;3.411E-2
2.500;0.134;3.411E-2
2.533;0.135;2.938E-2
2.566;0.136;3.441E-2
2.600;0.137;3.327E-2
2.633;0.138;2.804E-2
2.666;0.139;2.831E-2
2.700;0.140;2.704E-2
2.733;0.141;2.726E-2
2.766;0.142;2.774E-2
2.800;0.143;2.176E-2
2.833;0.143;2.123E-2
2.866;0.144;2.621E-2
2.900;0.145;2.678E-2
2.933;0.146;2.226E-2
2.966;0.146;2.224E-2
3.000;0.147;3.280E-2
3.033;0.149;3.354E-2
3.066;0.150;2.859E-2
3.100;0.151;2.826E-2
3.133;0.151;2.858E-2
3.166;0.152;3.402E-2
3.200;0.154;3.358E-2
3.233;0.155;2.935E-2
3.266;0.156;3.421E-2
3.300;0.157;3.289E-2
3.333;0.158;3.387E-2
3.366;0.159;3.473E-2
3.400;0.160;2.938E-2
3.433;0.161;3.476E-2
3.466;0.163;3.422E-2
3.500;0.163;3.433E-2
3.533;0.165;3.417E-2
3.566;0.166;3.387E-2
3.600;0.167;3.521E-2
3.633;0.168;3.540E-2
3.666;0.169;4.068E-2
3.700;0.171;4.125E-2
3.733;0.172;4.089E-2
3.766;0.174;4.115E-2
3.799;0.175;4.220E-2
3.833;0.176;4.140E-2
3.866;0.178;4.148E-2
3.899;0.179;4.241E-2
3.933;0.181;4.181E-2
3.966;0.182;4.720E-2
3.999;0.184;4.850E-2
4.033;0.185;4.286E-2
4.066;0.187;4.809E-2
4.099;0.188;4.775E-2
4.133;0.190;4.176E-2
4.166;0.191;4.274E-2
4.199;0.193;4.235E-2
4.233;0.194;4.646E-2
4.266;0.196;4.732E-2
4.299;0.197;4.144E-2
4.333;0.198;4.058E-2
4.366;0.200;4.233E-2
4.399;0.201;4.189E-2
4.433;0.203;3.523E-2
4.466;0.204;3.577E-2
4.499;0.205;4.168E-2
4.533;0.206;4.168E-2
4.566;0.208;4.207E-2
4.599;0.209;4.673E-2
4.633;0.211;4.646E-2
4.666;0.212;4.157E-2
4.699;0.214;4.129E-2
4.733;0.215;4.121E-2
4.766;0.216;3.558E-2
4.799;0.217;3.530E-2
4.833;0.219;3.472E-2
4.866;0.220;2.819E-2
4.899;0.221;3.403E-2
4.933;0.222;3.462E-2
4.966;0.223;3.460E-2
4.999;0.224;3.424E-2
5.033;0.225;3.406E-2
5.066;0.227;3.469E-2
5.099;0.228;3.481E-2
5.133;0.229;3.402E-2
5.166;0.230;3.441E-2
5.199;0.231;3.508E-2
5.233;0.232;3.517E-2
5.266;0.233;4.068E-2
5.299;0.235;3.492E-2
5.333;0.236;3.492E-2
5.366;0.237;3.483E-2
5.399;0.238;3.432E-2
5.433;0.239;3.346E-2
5.466;0.240;2.833E-2
5.499;0.241;2.882E-2
5.533;0.242;2.824E-2
5.566;0.243;2.690E-2
5.599;0.244;2.680E-2
5.633;0.245;2.123E-2
5.666;0.245;2.029E-2
5.699;0.246;2.006E-2
5.733;0.247;1.402E-2
5.766;0.247;1.414E-2
5.799;0.248;1.387E-2
5.833;0.248;1.355E-2
5.866;0.249;1.374E-2
5.899;0.249;
