;masa A;;
t;x;vx;
0.000;5.384E-3;
0.033;5.474E-3;8.150E-3
0.067;5.927E-3;1.254E-2
0.100;6.310E-3;2.049E-2
0.133;7.292E-3;1.926E-2
0.167;7.593E-3;1.932E-2
0.200;8.580E-3;3.021E-2
0.233;9.606E-3;3.389E-2
0.267;1.084E-2;3.807E-2
0.300;1.214E-2;3.664E-2
0.333;1.328E-2;3.614E-2
0.367;1.455E-2;3.816E-2
0.400;1.582E-2;3.419E-2
0.433;1.683E-2;3.118E-2
0.467;1.790E-2;3.291E-2
0.500;1.902E-2;3.153E-2
0.533;2.000E-2;2.167E-2
0.567;2.047E-2;1.504E-2
0.600;2.100E-2;1.469E-2
0.633;2.145E-2;1.288E-2
0.667;2.186E-2;1.294E-2
0.700;2.231E-2;1.334E-2
0.733;2.275E-2;1.419E-2
0.767;2.326E-2;1.445E-2
0.800;2.372E-2;1.459E-2
0.833;2.423E-2;1.478E-2
0.867;2.470E-2;1.435E-2
0.900;2.518E-2;1.419E-2
0.933;2.565E-2;1.354E-2
0.967;2.609E-2;1.365E-2
1.000;2.656E-2;1.355E-2
1.033;2.699E-2;1.287E-2
1.067;2.741E-2;1.319E-2
1.100;2.787E-2;1.286E-2
1.133;2.827E-2;1.345E-2
1.166;2.877E-2;1.399E-2
1.200;2.920E-2;1.351E-2
1.233;2.967E-2;1.404E-2
1.266;3.014E-2;1.395E-2
1.300;3.060E-2;1.333E-2
1.333;3.103E-2;1.368E-2
1.366;3.151E-2;1.410E-2
1.400;3.197E-2;1.397E-2
1.433;3.244E-2;1.454E-2
1.466;3.294E-2;1.421E-2
1.500;3.339E-2;1.797E-2
1.533;3.414E-2;1.855E-2
1.566;3.463E-2;1.500E-2
1.600;3.514E-2;1.571E-2
1.633;3.567E-2;1.973E-2
1.666;3.645E-2;1.898E-2
1.700;3.694E-2;1.581E-2
1.733;3.751E-2;2.039E-2
1.766;3.830E-2;1.972E-2
1.800;3.882E-2;1.534E-2
1.833;3.932E-2;1.969E-2
1.866;4.013E-2;1.934E-2
1.900;4.061E-2;1.510E-2
1.933;4.114E-2;1.956E-2
1.966;4.191E-2;1.968E-2
2.000;4.245E-2;1.576E-2
2.033;4.296E-2;1.986E-2
2.066;4.378E-2;1.981E-2
2.100;4.428E-2;1.586E-2
2.133;4.483E-2;2.026E-2
2.166;4.563E-2;1.881E-2
2.200;4.609E-2;1.433E-2
2.233;4.659E-2;1.995E-2
2.266;4.742E-2;2.000E-2
2.300;4.792E-2;1.569E-2
2.333;4.846E-2;1.560E-2
2.366;4.896E-2;1.890E-2
2.400;4.972E-2;1.893E-2
2.433;5.022E-2;2.099E-2
2.466;5.112E-2;2.043E-2
2.500;5.158E-2;1.513E-2
2.533;5.213E-2;2.054E-2
2.566;5.295E-2;1.967E-2
2.600;5.344E-2;2.036E-2
2.633;5.431E-2;2.092E-2
2.666;5.483E-2;1.535E-2
2.700;5.533E-2;1.947E-2
2.733;5.613E-2;1.980E-2
2.766;5.665E-2;2.048E-2
2.800;5.750E-2;2.026E-2
2.833;5.801E-2;1.487E-2
2.866;5.849E-2;1.501E-2
2.900;5.901E-2;1.925E-2
2.933;5.977E-2;1.927E-2
2.966;6.029E-2;1.519E-2
3.000;6.079E-2;1.549E-2
3.033;6.132E-2;1.954E-2
3.066;6.209E-2;1.874E-2
3.100;6.257E-2;1.459E-2
3.133;6.306E-2;1.447E-2
3.166;6.354E-2;1.392E-2
3.200;6.399E-2;1.400E-2
3.233;6.447E-2;1.462E-2
3.266;6.496E-2;1.902E-2
3.299;6.574E-2;1.886E-2
3.333;6.622E-2;1.581E-2
3.366;6.679E-2;2.079E-2
3.399;6.761E-2;2.058E-2
3.433;6.816E-2;2.092E-2
3.466;6.900E-2;2.571E-2
3.499;6.988E-2;2.214E-2
3.533;7.048E-2;2.111E-2
3.566;7.128E-2;2.483E-2
3.599;7.213E-2;2.121E-2
3.633;7.270E-2;2.153E-2
3.666;7.357E-2;2.645E-2
3.699;7.446E-2;2.155E-2
3.733;7.500E-2;2.055E-2
3.766;7.583E-2;2.596E-2
3.799;7.673E-2;2.235E-2
3.833;7.732E-2;2.133E-2
3.866;7.816E-2;2.579E-2
3.899;7.904E-2;2.689E-2
3.933;7.995E-2;2.773E-2
3.966;8.089E-2;2.188E-2
3.999;8.141E-2;2.810E-2
4.033;8.276E-2;3.402E-2
4.066;8.368E-2;2.653E-2
4.099;8.453E-2;2.714E-2
4.133;8.548E-2;3.602E-2
4.166;8.693E-2;4.005E-2
4.199;8.815E-2;3.189E-2
4.233;8.906E-2;2.869E-2
4.266;9.007E-2;3.489E-2
4.299;9.138E-2;3.463E-2
4.333;9.237E-2;2.864E-2
4.366;9.329E-2;2.830E-2
4.399;9.426E-2;3.321E-2
4.433;9.550E-2;3.408E-2
4.466;9.653E-2;3.055E-2
4.499;9.754E-2;3.281E-2
4.533;9.872E-2;3.183E-2
4.566;9.966E-2;2.903E-2
4.599;0.101;2.899E-2
4.633;0.102;2.809E-2
4.666;0.103;2.751E-2
4.699;0.103;2.719E-2
4.733;0.104;2.665E-2
4.766;0.105;2.624E-2
4.799;0.106;2.635E-2
4.833;0.107;2.648E-2
4.866;0.108;2.742E-2
4.899;0.109;2.811E-2
4.933;0.110;2.314E-2
4.966;0.110;2.072E-2
4.999;0.111;2.524E-2
5.033;0.112;2.698E-2
5.066;0.113;2.621E-2
5.099;0.114;2.670E-2
5.133;0.115;2.353E-2
5.166;0.115;2.346E-2
5.199;0.116;3.167E-2
5.233;0.117;3.224E-2
5.266;0.118;2.876E-2
5.299;0.119;2.907E-2
5.333;0.120;3.377E-2
5.366;0.122;3.340E-2
5.399;0.123;2.789E-2
5.433;0.123;2.766E-2
5.466;0.124;3.398E-2
5.499;0.126;3.424E-2
5.532;0.127;2.809E-2
5.566;0.128;2.796E-2
5.599;0.129;2.806E-2
5.632;0.129;2.712E-2
5.666;0.130;2.619E-2
5.699;0.131;2.630E-2
5.732;0.132;2.169E-2
5.766;0.133;2.107E-2
5.799;0.134;2.563E-2
5.832;0.134;2.138E-2
5.866;0.135;2.155E-2
5.899;0.136;2.637E-2
5.932;0.137;2.204E-2
5.966;0.137;2.109E-2
5.999;0.138;2.604E-2
6.032;0.139;2.694E-2
6.066;0.140;2.689E-2
6.099;0.141;2.711E-2
6.132;0.142;2.756E-2
6.166;0.143;2.814E-2
6.199;0.144;2.756E-2
6.232;0.144;2.716E-2
6.266;0.145;2.758E-2
6.299;0.146;2.799E-2
6.332;0.147;2.202E-2
6.366;0.148;2.105E-2
6.399;0.149;2.618E-2
6.432;0.150;2.757E-2
6.466;0.151;2.808E-2
6.499;0.151;2.673E-2
6.532;0.152;2.726E-2
6.566;0.153;2.892E-2
6.599;0.154;3.397E-2
6.632;0.155;3.410E-2
6.666;0.156;3.375E-2
6.699;0.158;3.398E-2
6.732;0.159;3.449E-2
6.766;0.160;3.369E-2
6.799;0.161;2.870E-2
6.832;0.162;2.775E-2
6.866;0.163;2.723E-2
6.899;0.164;2.736E-2
6.932;0.165;2.707E-2
6.966;0.166;2.207E-2
6.999;0.166;2.094E-2
7.032;0.167;2.591E-2
7.066;0.168;2.083E-2
7.099;0.168;2.084E-2
7.132;0.169;2.122E-2
7.166;0.170;2.056E-2
7.199;0.171;2.658E-2
7.232;0.172;2.711E-2
7.266;0.172;2.788E-2
7.299;0.173;2.854E-2
7.332;0.174;3.215E-2
7.366;0.176;3.425E-2
7.399;0.177;3.479E-2
7.432;0.178;3.457E-2
7.466;0.179;3.448E-2
7.499;0.180;3.429E-2
7.532;0.181;3.494E-2
7.566;0.182;3.357E-2
7.599;0.183;2.962E-2
7.632;0.184;2.944E-2
7.666;0.185;2.844E-2
7.699;0.186;3.210E-2
7.732;0.188;3.208E-2
7.765;0.188;2.874E-2
7.799;0.189;3.418E-2
7.832;0.191;3.324E-2
7.865;0.192;3.368E-2
7.899;0.193;3.553E-2
7.932;0.194;3.507E-2
7.965;0.195;3.907E-2
7.999;0.197;4.028E-2
8.032;0.198;3.650E-2
8.065;0.199;3.471E-2
8.099;0.200;3.921E-2
8.132;0.202;4.078E-2
8.165;0.203;3.518E-2
8.199;0.204;3.492E-2
8.232;0.205;3.480E-2
8.265;0.206;3.403E-2
8.299;0.208;3.445E-2
8.332;0.209;3.487E-2
8.365;0.210;3.996E-2
8.399;0.211;3.463E-2
8.432;0.212;3.495E-2
8.465;0.214;3.995E-2
8.499;0.215;3.492E-2
8.532;0.216;3.542E-2
8.565;0.217;4.101E-2
8.599;0.219;4.137E-2
8.632;0.220;4.074E-2
8.665;0.221;4.096E-2
8.699;0.223;4.084E-2
8.732;0.224;4.082E-2
8.765;0.226;4.093E-2
8.799;0.227;3.564E-2
8.832;0.228;3.553E-2
8.865;0.229;3.999E-2
8.899;0.231;4.054E-2
8.932;0.232;4.146E-2
8.965;0.233;4.121E-2
8.999;0.235;4.115E-2
9.032;0.236;4.173E-2
9.065;0.237;4.120E-2
9.099;0.239;4.094E-2
9.132;0.240;4.107E-2
9.165;0.242;4.111E-2
9.199;0.243;4.116E-2
9.232;0.244;
