;masa A;;
t;x;vx;
0.000;7.101E-3;
0.033;1.005E-2;0.103
0.067;1.399E-2;0.144
0.100;1.962E-2;0.173
0.133;2.552E-2;0.185
0.167;3.198E-2;0.200
0.200;3.883E-2;0.209
0.233;4.589E-2;0.216
0.267;5.323E-2;0.223
0.300;6.071E-2;0.228
0.333;6.839E-2;0.232
0.367;7.616E-2;0.229
0.400;8.369E-2;0.221
0.433;9.088E-2;0.205
0.467;9.734E-2;0.177
0.500;0.103;0.147
0.533;0.107;0.123
0.567;0.111;0.102
0.600;0.114;8.316E-2
0.633;0.116;7.063E-2
0.667;0.119;6.393E-2
0.700;0.121;6.221E-2
0.733;0.123;6.663E-2
0.767;0.125;6.195E-2
0.800;0.127;5.540E-2
0.833;0.129;5.026E-2
0.867;0.130;4.832E-2
0.900;0.132;4.579E-2
0.933;0.133;4.160E-2
0.967;0.135;4.155E-2
1.000;0.136;4.109E-2
1.033;0.137;4.238E-2
1.067;0.139;4.212E-2
1.100;0.140;4.203E-2
1.133;0.142;4.223E-2
1.166;0.143;4.765E-2
1.200;0.145;4.850E-2
1.233;0.146;4.849E-2
1.266;0.148;5.480E-2
1.300;0.150;4.951E-2
1.333;0.151;4.809E-2
1.366;0.153;5.459E-2
1.400;0.155;4.943E-2
1.433;0.156;4.807E-2
1.466;0.158;4.863E-2
1.500;0.160;4.856E-2
1.533;0.161;5.388E-2
1.566;0.163;4.848E-2
1.600;0.165;4.846E-2
1.633;0.167;4.923E-2
1.666;0.168;4.867E-2
1.700;0.170;5.411E-2
1.733;0.172;5.528E-2
1.766;0.173;5.533E-2
1.800;0.175;5.480E-2
1.833;0.177;5.591E-2
1.866;0.179;5.560E-2
1.900;0.181;5.553E-2
1.933;0.183;5.554E-2
1.966;0.185;4.872E-2
2.000;0.186;4.206E-2
2.033;0.187;2.787E-2
2.066;0.188;1.294E-2
2.100;0.188;5.733E-3
2.133;0.188;6.178E-4
2.166;0.188;7.506E-4
2.200;0.188;8.435E-4
2.233;0.188;1.136E-3
2.266;0.188;5.773E-3
2.300;0.189;6.087E-3
2.333;0.189;7.136E-3
2.366;0.189;6.733E-3
2.400;0.189;6.708E-3
2.433;0.190;6.973E-3
2.466;0.190;7.203E-3
2.500;0.190;7.986E-3
2.533;0.190;6.602E-3
2.566;0.191;1.151E-2
2.600;0.191;1.328E-2
2.633;0.191;8.466E-3
2.666;0.192;7.991E-3
2.700;0.192;1.288E-2
2.733;0.192;1.325E-2
2.766;0.193;1.383E-2
2.800;0.193;1.388E-2
2.833;0.194;1.328E-2
2.866;0.194;1.411E-2
2.900;0.195;1.462E-2
2.933;0.195;1.380E-2
2.966;0.196;1.379E-2
3.000;0.196;1.402E-2
3.033;0.197;1.339E-2
3.066;0.197;1.366E-2
3.100;0.197;1.453E-2
3.133;0.198;1.416E-2
3.166;0.198;1.394E-2
3.200;0.199;1.331E-2
3.233;0.199;1.282E-2
3.266;0.200;1.388E-2
3.300;0.200;1.397E-2
3.333;0.201;1.409E-2
3.366;0.201;1.386E-2
3.400;0.202;1.352E-2
3.433;0.202;1.412E-2
3.466;0.203;1.433E-2
3.499;0.203;1.432E-2
3.533;0.203;1.379E-2
3.566;0.204;1.317E-2
3.599;0.204;1.324E-2
3.633;0.205;1.391E-2
3.666;0.205;1.372E-2
3.699;0.206;1.409E-2
3.733;0.206;1.361E-2
3.766;0.207;1.382E-2
3.799;0.207;1.410E-2
3.833;0.208;1.405E-2
3.866;0.208;1.450E-2
3.899;0.209;1.325E-2
3.933;0.209;1.302E-2
3.966;0.209;1.350E-2
3.999;0.210;7.987E-3
4.033;0.210;7.796E-3
4.066;0.210;1.326E-2
4.099;0.211;1.286E-2
4.133;0.211;7.750E-3
4.166;0.211;7.432E-3
4.199;0.212;1.291E-2
4.233;0.212;7.254E-3
4.266;0.212;6.250E-3
4.299;0.213;7.521E-3
4.333;0.213;7.855E-3
4.366;0.213;1.263E-2
4.399;0.214;7.256E-3
4.433;0.214;7.538E-3
4.466;0.214;1.260E-2
4.499;0.214;8.294E-3
4.533;0.215;7.508E-3
4.566;0.215;1.205E-2
4.599;0.215;7.204E-3
4.633;0.215;6.514E-3
4.666;0.216;6.639E-3
4.699;0.216;6.962E-3
4.733;0.216;8.403E-3
4.766;0.216;7.298E-3
4.799;0.217;1.183E-2
4.833;0.217;8.161E-3
4.866;0.217;7.749E-3
4.899;0.218;1.223E-2
4.933;0.218;7.658E-3
4.966;0.218;7.460E-3
4.999;0.219;1.263E-2
5.033;0.219;7.571E-3
5.066;0.219;6.667E-3
5.099;0.220;7.143E-3
5.133;0.220;7.350E-3
5.166;0.220;1.308E-2
5.199;0.221;1.293E-2
5.233;0.221;7.603E-3
5.266;0.221;7.675E-3
5.299;0.221;1.280E-2
5.333;0.222;1.383E-2
5.366;0.222;8.020E-3
5.399;0.222;7.119E-3
5.433;0.223;1.267E-2
5.466;0.223;7.302E-3
5.499;0.223;6.858E-3
5.533;0.224;7.015E-3
5.566;0.224;7.052E-3
5.599;0.224;7.118E-3
5.633;0.224;6.513E-3
5.666;0.225;7.355E-3
5.699;0.225;6.982E-3
5.733;0.225;6.657E-3
5.766;0.225;7.465E-3
5.799;0.226;6.734E-3
5.832;0.226;6.744E-3
5.866;0.226;7.436E-3
5.899;0.226;6.635E-3
5.932;0.226;6.519E-3
5.966;0.227;6.809E-3
5.999;0.227;7.037E-3
6.032;0.227;6.949E-3
6.066;0.227;6.798E-3
6.099;0.227;7.054E-3
6.132;0.228;7.205E-3
6.166;0.228;7.419E-3
6.199;0.228;1.169E-2
6.232;0.229;7.574E-3
6.266;0.229;7.505E-3
6.299;0.229;6.871E-3
6.332;0.229;6.549E-3
6.366;0.230;7.307E-3
6.399;0.230;6.866E-3
6.432;0.230;6.661E-3
6.466;0.230;7.655E-3
6.499;0.231;6.976E-3
6.532;0.231;5.939E-3
6.566;0.231;6.380E-3
6.599;0.231;7.345E-3
6.632;0.232;7.164E-3
6.666;0.232;6.861E-3
6.699;0.232;6.537E-3
6.732;0.232;2.506E-3
6.766;0.232;
